3422445336235842747226623979451284644788593556234563483755458563477877585692774519487775553824591745
3234117833333631332251333312512222483622152242222222313222232243821345653466665422223223324159332325
2121223312222142223122171282212523212421242122322114323122252323122222221343332422332222232222121121
6352516566252422324455242622521344385122222532225833555211322537334121323212843552221253122494255525
5433543922462623152342535434224554523255452441522624356456455522334475255431384723253443253397134484
6222225322434224224224522733346425235312323224532425222254324532574453524227332235232333323584222355
2215326123622464834245431284362122433562272483412556554121463833344414532134245435234541224326151244
2134252233223323313243333233243213331333523545325333432523533422333232583323233413323333831435352122
6632656225825528262136284254222972154232223424388533227222252285824386592723585548258637625266323232
2512535522643554342316135343383532525432233334624442424423223223244342145133232423223333143213422242
2653363531231665323454246756565726374776132449546455625636691533964246752243764482746856725244924526
3332132373432434333232231325232321152212333233122341233232423133333313231333321223332232532322132232
2574538524744674353325562423333333324462372826343323724443346633334447212724525433645574722149446323
2644323222353233223332231223845552313833341533242322223323433222434228232332315383422822348133422323
4222422221123221222211223222221243422231222212153351321414214132224544532122223222312242212223423225
5535491646363447914486747775453165443865376335642354345374634666958346446862974643664335565255548345
